27
200 6 12 24 733
21 23 65 22 19
17 23 14 33 67
20 3 50 30 1000
100 100 100 100 100
200 200 200 200 200
130 10 2 20 1000
40 20 30 40 10
40 50 20 10 30
100 2 20 100 5000
10 10 10 10 10
5 5 5 5 5
1000 2 10 2100 5000
100 100 100 100 100
5 5 5 5 5
1000 20 25 100 998
90 20 30 100 20
20 50 20 100 30
1000 20 25 50 3000
90 20 30 10 20
20 50 20 40 30
1000 20 50 80 5000
190 20 30 110 20
20 50 20 60 30
1000 20 50 30 5000
80 30 30 110 20
100 20 40 80 40
1000 20 25 50 3000
90 20 30 50 20
100 30 10 100 80
1000 20 50 30 5000
80 30 30 210 20
150 20 140 180 40
1000 1 25 20 1000
90 20 30 10 20
20 50 20 40 30
1000 12 100 30 1000
190 20 30 110 20
20 50 20 60 30
1000 20 25 100 4659
90 20 30 100 20
20 50 20 100 30
100 10 50 30 5000
190 20 30 110 20
20 50 20 110 30
1000 20 25 100 998
80 20 30 100 20
200 100 200 300 130
500 20 2 3 998
50 60 45 55 35
1 3 2 4 3
500 20 2 3 998
1 3 2 4 3
50 60 45 55 35
0 20 25 100 998
80 20 30 100 20
200 100 200 300 130
1000 20 55 10 4659
90 20 30 10 20
20 50 20 100 30
100 15 20 30 3000
100 100 100 100 10
10 100 10 100 1
10 1 1 1 100
1 1 1 1 1
1 1 1 1 1
1000 20 40 58 1000
12 23 12 23 63
45 64 23 12 34
300 13 45 23 1234
12 53 23 6 5
23 54 23 53 18
300 20 10 10 5000
200 200 200 200 200
1 2 3 4 5
500 20 2 3 998
50 60 45 55 35
1 3 2 4 3
1000 20 2 3 5000
100 150 120 99 5
1 3 2 4 3